{
 "cells": [
  {
   "cell_type": "code",
   "execution_count": 8,
   "id": "71d5dc59",
   "metadata": {},
   "outputs": [
    {
     "name": "stdout",
     "output_type": "stream",
     "text": [
      "tensor([[0.7156, 0.9140, 0.2819, 0.2581, 0.6311],\n",
      "        [0.6001, 0.9312, 0.2153, 0.6033, 0.7328],\n",
      "        [0.1857, 0.5101, 0.7545, 0.2884, 0.5775],\n",
      "        [0.0358, 0.1026, 0.3419, 0.4400, 0.6341],\n",
      "        [0.6224, 0.6334, 0.8580, 0.1572, 0.7853]])\n",
      "tensor([[0.5120, 0.8354, 0.0794, 0.0666, 0.3983],\n",
      "        [0.3601, 0.8671, 0.0463, 0.3639, 0.5370],\n",
      "        [0.0345, 0.2602, 0.5692, 0.0832, 0.3335],\n",
      "        [0.0013, 0.0105, 0.1169, 0.1936, 0.4021],\n",
      "        [0.3874, 0.4013, 0.7361, 0.0247, 0.6167]])\n",
      "tensor([[0.5120, 0.8354, 0.0794, 0.0666, 0.3983],\n",
      "        [0.3601, 0.8671, 0.0463, 0.3639, 0.5370],\n",
      "        [0.0345, 0.2602, 0.5692, 0.0832, 0.3335],\n",
      "        [0.0013, 0.0105, 0.1169, 0.1936, 0.4021],\n",
      "        [0.3874, 0.4013, 0.7361, 0.0247, 0.6167]])\n",
      "tensor([[-5.7729,  4.7190, -6.9666, -4.7170,  6.4619],\n",
      "        [ 3.2259, -1.5891,  3.5396,  0.7531, -3.1047],\n",
      "        [-2.8584,  1.8628, -0.1047, -2.7371,  2.0653],\n",
      "        [-9.4567,  8.2434, -5.0701, -5.5772,  5.3077],\n",
      "        [ 5.3178, -4.4838,  2.4009,  5.9632, -3.0951]])\n"
     ]
    }
   ],
   "source": [
    "import torch\n",
    "torch.manual_seed(111)\n",
    "\n",
    "N=5\n",
    "\n",
    "A=torch.rand(N,N)\n",
    "print(A)\n",
    "A=A*A\n",
    "print(A)\n",
    "\n",
    "A.add(0.001,torch.eye(N))\n",
    "print(A)\n",
    "print(torch.inverse(A))"
   ]
  }
 ],
 "metadata": {
  "kernelspec": {
   "display_name": "Python 3",
   "language": "python",
   "name": "python3"
  },
  "language_info": {
   "codemirror_mode": {
    "name": "ipython",
    "version": 3
   },
   "file_extension": ".py",
   "mimetype": "text/x-python",
   "name": "python",
   "nbconvert_exporter": "python",
   "pygments_lexer": "ipython3",
   "version": "3.9.2"
  }
 },
 "nbformat": 4,
 "nbformat_minor": 5
}
